0064
0062
0065
0067
0020
0008
0042
0082
0099
0088
0074
0035
0052
0120
0078
0079
0050
0024
0150
0113
0130
0125
0070
0174
0148
0149
0145
0028
0155
0027
0178
0146
0115
0018
0182
0172
0175
0170
0129
0058
0095
0121
0286
0036
0005
0117
0059
0030
0132
0124
0075
0004
0021
0105
0183
0133
0002
0256
0106
0209
0107
0287
0135
0161
0134
0101
0179
0186
0122
0226
0085
0098
0327
0080
0219
0227
0123
0094
0126
0043
0234
0137
0141
0218
0176
0142
0159
0224
0158
0138
0254
0240
0181
0151
0164
0168
0060
0162
0090
0049
0081
0091
0289
0244
0241
0282
0229
0207
0270
0271
0283
0152
0220
0228
0281
0245
0139
0288
0197
0196
0109
0195
0257
0290
0171
0140
0128
0044
0212
0230
0255
0092
0314
0312
0307
0258
0291
0294
0274
0246
0296
0308
0265
0273
0264
0231
0104
0198
0247
0242
0083
0221
0298
0310
0236
0166
0160
0292
0156
0243
0328
0189
0110
0210
0093
0169
0165
0267
0316
0213
0320
0297
0235
0187
0188
0127
0199
0360
0112
0324
0330
0222
0167
0325
0066
0411
0111
0299
0232
0356
0343
0410
0420
0331
0300
0293
0362
0248
0225
0344
0200
0348
0318
0223
0417
0351
0363
0361
0214
0332
0386
0326
0249
0275
0397
0333
0301
0250
0302
0108
0263
0367
0315
0206
0190
0364
0357
0368
0268
0388
0369
0276
0401
0421
0251
0389
0370
0323
0365
0398
0355
0347
0435
0204
0216
0412
0371
0457
0459
0303
0334
0390
0413
0157
0391
0399
0372
0259
0447
0418
0475
0483
0373
0487
0354
0507
0173
0163
0201
0317
0153
0177
0277
0400
0319
0217
0511
0335
0374
0491
0492
0336
0387
0402
0237
0337
0493
0419
0460
0431
0439
0533
0191
0252
0345
0392
0321
0464
0260
0359
0416
0462
0565
0375
0587
0185
0352
0192
0466
0588
0567
0422
0193
0537
0541
0546
0532
0349
0427
0465
0452
0476
0377
0547
0601
0414
0528
0338
0509
0579
0409
0322
0529
0438
0440
0305
0379
0394
0505
0582
0463
0494
0393
0592
0205
0568
0599
0403
0304
0573
0215
0626
0605
0284
0180
0136
0279
0380
0446
0570
0405
0202
0194
0381
0590
0612
0608
0499
0490
0339
0513
0595
0497
0627
0635
0404
0655
0651
0647
0424
0517
0415
0518
0436
0437
0479
0597
0673
0453
0448
0625
0382
0554
0396
0581
0508
0495
0423
0671
0663
0203
0500
0527
0520
0441
0516
0676
0429
0433
0522
0468
0531
0350
0342
0692
0211
0622
0700
0610
0682
0512
0538
0564
0295
0629
0542
0657
0678
0654
0034
0272
0376
0378
0606
0580
0461
0607
0406
0540
0280
0340
0510
0566
0341
0658
0637
0648
0548
0239
0383
0609
0358
0624
0571
0551
0672
0484
0636
0480
0458
0481
0569
0485
0639
0593
0233
0724
0725
0489
0553
0668
0745
0384
0761
0686
0729
0353
0677
0614
0534
0642
0591
0262
0631
0501
0010
0309
0691
0552
0469
0750
0428
0594
0306
0455
0759
0689
0760
0482
0611
0681
0585
0817
0442
0385
0600
0562
0738
0544
0728
0777
0329
0623
0558
0266
0613
0486
0285
0450
0659
0451
0849
0771
0408
0621
0515
0781
0575
0577
0619
0539
0549
0620
0617
0598
0616
0835
0434
0783
0807
0346
0674
0731
0765
0701
0545
0847
0806
0496
0843
0471
0697
0680
0313
0779
0662
0530
0834
0443
0535
0638
0425
0679
0675
0802
0722
0846
0454
0865
0769
0473
0687
0472
0778
0653
0661
0649
0743
0684
0690
0763
0584
0514
0736
0881
0768
0753
0698
0445
0828
0555
0734
0744
0713
0702
0506
0478
0521
0823
0742
0557
0710
0873
0699
0456
0858
0644
0667
0426
0683
0574
0875
0801
0543
0589
0862
0812
0470
0784
0602
0867
0630
0641
0898
0891
0756
0526
0766
0726
0832
0877
0603
0583
0894
0503
0879
0536
0524
0561
0563
0634
0853
0633
0559
0818
0827
0504
0824
0880
0618
0798
0576
0735
0632
0876
0739
0887
0820
0854
0685
0892
0794
0694
0845
0878
0556
0863
0474
0586
0719
0886
0650
0785
0819
0868
0870
0869
0871
0477
0754
0757
0901
0861
0907
0893
0803
0899
0908
0645
0841
0859
0730
0723
0808
0752
0906
0923
0525
0874
0670
0488
0449
0933
0737
0718
0666
0883
0720
0954
0502
0959
0855
0747
0955
0805
0904
0770
0523
0982
0905
0940
0831
0775
0943
0964
0809
0758
0942
0911
0897
0896
1044
0707
0928
0921
0977
0795
0822
0872
0643
0848
0755
0900
0998
0791
0774
0857
0792
0999
1043
0941
0782
0864
0958
0837
0836
0885
0889
0550
0825
0706
0749
0882
0931
0826
0762
0715
0716
1018
1004
0733
0810
1010
0748
1020
0797
0786
1028
0985
0660
0884
1067
1046
0997
0705
0920
0746
0829
0962
1038
0780
0838
0852
0727
0910
0856
0751
0851
0975
0842
1048
1076
0844
1099
0989
1071
0830
0860
1039
1084
0839
1042
0984
1001
0840
0688
1085
0951
1047
0926
0979
1017
0953
0991
0930
0974
1081
1088
0922
1113
1136
1016
0963
1064
1014
1107
0717
0888
1045
0669
1040
1065
0708
0925
0811
0992
0967
1125
0981
0929
0903
1082
0909
0712
0709
0776
1127
1026
0936
0960
1066
1112
1133
1124
1118
1132
0767
0696
0937
1073
1109
0961
0740
1041
0927
1089
1131
1145
0821
0796
0788
0572
1141
0711
1035
0764
1005
1156
1103
1147
1037
0914
0947
0968
0969
0971
0799
1094
1117
1140
1002
1056
0560
0850
1129
1086
1106
1143
1148
0986
1134
0721
0972
0987
0988
0919
1068
0935
0973
1058
1072
1160
0890
0946
1159
1137
1186
1163
1177
1144
1150
1027
1003
1036
1091
0912
0993
1182
0966
1155
1050
0833
1135
1096
1080
1179
1153
0253
1178
1212
1219
1175
1226
1070
0773
1184
1180
0025
0023
0022
0041
0038
0055
0278
0800
0102
1114
1054
0154
0980
0068
0071
0261
1012
1188
1216
1146
0866
1161
1201
1077
1199
0793
0814
0976
1121
1207
1171
1083
0950
1231
1235
1210
1172
1151
1176
1069
1164
1166
1225
0938
0978
0695
1075
0732
0693
1229
1283
1079
0895
1170
1307
0995
1024
1230
1158
1087
0945
1174
1055
1119
1030
1034
1122
1029
1306
1120
1000
1299
1295
1008
1157
0944
1167
1308
1093
1092
1228
1053
1208
1187
1265
1183
1185
1316
1057
1142
1329
0957
1059
1286
1305
1278
1123
0917
1100
1217
1025
1260
1154
1152
1287
1254
1342
1321
1297
0924
1238
0994
1189
1007
1196
1364
1206
1335
1062
1130
0934
1021
1165
1009
0996
1101
1227
0949
1359
1190
1181
0915
0948
0916
0939
1104
1105
1194
1197
1215
1361
1358
1348
1357
1276
1218
1267
1337
1373
1222
1256
1268
0965
1173
1031
1333
1246
1169
1247
1253
1255
1200
1098
1061
1110
1259
1367
1095
0789
1323
1376
0787
1274
1250
1204
1236
1275
1139
1209
1272
1239
1303
1328
1362
1353
1371
1379
1363
1244
1162
1345
1090
1273
1237
1097
1263
1019
0956
1033
1221
1399
1108
1381
0685
1418
1340
1251
1293
1049
1149
1360
1052
1352
1324
1192
1223
1203
1213
1220
1241
1242
1291
1102
1193
1285
1393
1332
1412
0652
0741
0970
1138
1318
0913
1006
1013
1115
1317
1428
1416
1290
1284
1411
1424
1334
1401
1313
1249
1388
1347
1351
1406
1372
1322
1325
1430
1346
1446
1214
0772
1396
1442
1277
1402
0815
0815
1387
1350
1234
1365
1343
1432
1304
1433
1261
1280
1257
1240
1202
1431
1385
1279
1468
0790
0902
1111
1116
1319
1327
1438
1462
1300
1527
1198
1191
1469
1298
1270
1512
1224
1405
1248
1312
1282
1486
1232
1356
1398
1395
1537
1205
1472
1269
1302
1294
1483
1374
1383
1288
1309
1310
1258
1377
1404
1435
1548
1301
1552
1420
1338
1429
1426
1266
1538
1529
1570
1561
1559
1565
1341
1262
1547
1549
1575
1510
1400
1477
1573
1289
1296
1427
1437
1311
1523
1331
1015
1415
1386
1408
1576
1583
1584
1597
1605
1354
1410
1562
1078
1369
1558
1531
1600
1599
1320
1516
1413
1450
1609
1315
1390
1336
1525
1382
1366
1060
1533
1615
1403
1467
1589
1314
1553
1586
1460
1577
1473
1497
1540
1550
1619
1623
1391
1417
1568
1464
1614
1409
1375
1518
1504
1528
1481
1591
1245
1211
1264
1414
1233
1503
1281
1500
1491
1569
1243
1617
1543
1422
1494
1650
1443
1594
1490
1546
1637
1625
1646
1349
1463
1454
1458
1578
1384
1604
1436
1544
1616
1355
1370
1593
1475
1539
1466
